,model,mean,standard deviation
0,svc_rbf_c10_keep05,0.7884768211920532,0.0315362541751223
1,svc_rbf_c1_keep05,0.7805960264900665,0.0253678692955639
2,svc_rbf_c01_keep05,0.772384105960265,0.025471390218467
3,svc_lin_c10_keep05,0.7739735099337749,0.0267643908391445
4,svc_lin_c1_keep05,0.7605298013245034,0.0301265549869364
5,svc_lin_c01_keep05,0.7480132450331125,0.0315717667730668
6,svc_pol_c10_keep05,0.7549668874172184,0.0278303329661598
7,svc_pol_c1_keep05,0.7535761589403974,0.0306686875513605
8,svc_pol_c01_keep05,0.7511258278145696,0.0301914130921182
9,knn_n5_keep05,0.7550331125827815,0.0283687306352652
10,knn_n10_keep05,0.7668211920529803,0.0292186601259715
11,knn_n15_keep05,0.7769536423841061,0.0276228015564326
12,lda_keep05,0.7725827814569536,0.0300171726941454
13,qda_reg1_keep05,0.6187417218543046,0.1122951331144305
14,qda_reg01_keep05,0.7379470198675497,0.0292630565202766
15,qda_reg001_keep05,0.7652980132450332,0.027724863225549
16,rfc_nest50_keep05,0.750728476821192,0.0294164999271145
17,rfc_nest100_keep05,0.76158940397351,0.0314273126296812
18,rfc_nest200_keep05,0.7578145695364239,0.0282099772361832
19,svc_rbf_c10_drop248,0.8060927152317882,0.0277684891077119
20,svc_rbf_c1_drop248,0.7923178807947022,0.0296984242623494
21,svc_rbf_c01_drop248,0.7051655629139073,0.0375033293845331
22,svc_lin_c10_drop248,0.7655629139072849,0.0253392403572304
23,svc_lin_c1_drop248,0.7497350993377482,0.0321488222842499
24,svc_lin_c01_drop248,0.6801986754966884,0.0366853346733727
25,svc_pol_c10_drop248,0.8022516556291391,0.0289581984139817
26,svc_pol_c1_drop248,0.8090066225165564,0.031086631654174
27,svc_pol_c01_drop248,0.7881456953642387,0.0306715475159818
28,knn_n5_drop248,0.7977483443708612,0.0301803708902117
29,knn_n10_drop248,0.8031125827814571,0.0280165326143773
30,knn_n15_drop248,0.7968874172185433,0.0304067278385324
31,lda_drop248,0.7708609271523179,0.0288820695196775
32,qda_reg1_drop248,0.666754966887417,0.0320748652777916
33,qda_reg01_drop248,0.6903311258278143,0.0285478860696182
34,qda_reg001_drop248,0.7390728476821191,0.0315109331215107
35,rfc_nest50_drop248,0.8181456953642388,0.0290851397327566
36,rfc_nest100_drop248,0.8248344370860928,0.0237373572424142
37,rfc_nest200_drop248,0.8212582781456956,0.0273934535644682
